   1.7769214e+02   8.0881991e+01   4.3000000e+01   1.0000000e+00
   1.8883710e+02   7.9681929e+01   4.4000000e+01   1.0000000e+00
   1.8030160e+02   7.5576198e+01   4.2000000e+01   1.0000000e+00
   1.7919624e+02   5.8851464e+01   4.0000000e+01   0.0000000e+00
   1.7590621e+02   7.1236762e+01   4.6000000e+01   1.0000000e+00
   1.8401084e+02   6.5057185e+01   3.4000000e+01   0.0000000e+00
   1.7913815e+02   6.6965799e+01   3.9000000e+01   0.0000000e+00
   1.8809218e+02   7.3960246e+01   4.2000000e+01   1.0000000e+00
   1.6637052e+02   6.9767673e+01   3.5000000e+01   0.0000000e+00
   1.7964601e+02   7.7970828e+01   4.2000000e+01   1.0000000e+00
   1.8590410e+02   5.7073259e+01   3.6000000e+01   0.0000000e+00
   1.6654353e+02   8.5483607e+01   4.1000000e+01   1.0000000e+00
   1.5701421e+02   6.7712749e+01   3.5000000e+01   0.0000000e+00
   1.8439867e+02   7.2899728e+01   4.3000000e+01   1.0000000e+00
   1.6862987e+02   8.6852204e+01   4.5000000e+01   1.0000000e+00
   1.7801383e+02   6.9292604e+01   4.6000000e+01   1.0000000e+00
   1.9109536e+02   6.7280625e+01   4.1000000e+01   1.0000000e+00
   1.8507810e+02   7.3300506e+01  -1.0000000e+00   0.0000000e+00
   1.6262405e+02   7.0349123e+01   4.4000000e+01   1.0000000e+00
   1.6932278e+02   6.9092822e+01   4.0000000e+01   0.0000000e+00
   1.6889851e+02   7.4834438e+01  -1.0000000e+00   0.0000000e+00
   1.7014894e+02   6.8335512e+01   4.1000000e+01   1.0000000e+00
   1.7730416e+02   5.7561001e+01   3.7000000e+01   0.0000000e+00
   1.8797252e+02   6.2904312e+01   4.1000000e+01   0.0000000e+00
   1.7488879e+02   6.8556615e+01   4.2000000e+01   1.0000000e+00
   1.6456175e+02   7.3468137e+01   3.7000000e+01   0.0000000e+00
   1.7071450e+02   8.1409297e+01   4.4000000e+01   1.0000000e+00
   1.6238567e+02   8.3151958e+01   3.8000000e+01   1.0000000e+00
   1.8795289e+02   7.0115886e+01  -1.0000000e+00   0.0000000e+00
   1.6363356e+02   6.1573752e+01   4.0000000e+01   0.0000000e+00
   1.5660567e+02   7.0791389e+01   3.4000000e+01   0.0000000e+00
   1.9089270e+02   7.0364266e+01   4.3000000e+01   1.0000000e+00
   1.7726338e+02   5.6542992e+01   3.7000000e+01   0.0000000e+00
   1.5969504e+02   6.7801341e+01   3.9000000e+01   0.0000000e+00
   1.7710248e+02   6.3279209e+01   4.1000000e+01   0.0000000e+00
   1.8381196e+02   8.0317770e+01   4.6000000e+01   1.0000000e+00
   1.7336525e+02   7.3599249e+01   4.0000000e+01   1.0000000e+00
   1.7381430e+02   7.4005562e+01   4.0000000e+01   0.0000000e+00
   1.6513293e+02   8.4762334e+01  -1.0000000e+00   1.0000000e+00
   1.8279149e+02   7.3436661e+01   4.0000000e+01   0.0000000e+00
   1.8406821e+02   6.2361311e+01   3.5000000e+01   0.0000000e+00
   1.7432988e+02   8.3249387e+01   3.9000000e+01   1.0000000e+00
   1.7227248e+02   8.8100461e+01   4.1000000e+01   1.0000000e+00
   1.6404642e+02   7.3220037e+01   3.5000000e+01   0.0000000e+00
   1.7181171e+02   7.5333426e+01   4.1000000e+01   1.0000000e+00
   1.8193171e+02   6.6953096e+01  -1.0000000e+00   0.0000000e+00
   1.6840692e+02   6.5913510e+01   4.1000000e+01   0.0000000e+00
   1.5592914e+02   5.7364935e+01   3.5000000e+01   0.0000000e+00
   1.8683199e+02   8.6321025e+01   4.4000000e+01   1.0000000e+00
   1.9241650e+02   8.4401464e+01   3.9000000e+01   1.0000000e+00
